2006.9199     210967.6696   -1071805.4003     -94710.5344
2006.9199     210967.6696   -1071805.4003     -94710.5344
2006.9227     210967.6674   -1071805.3950     -94710.5495
2006.9227     210967.6674   -1071805.3950     -94710.5495
2006.9254     210967.6742   -1071805.3971     -94710.5472
2006.9254     210967.6742   -1071805.3971     -94710.5472
2006.9281     210967.6600   -1071805.3792     -94710.5793
2006.9281     210967.6600   -1071805.3792     -94710.5793
2008.4600     210967.6092   -1071805.3613     -94710.5773
2008.4600     210967.6092   -1071805.3613     -94710.5773
2008.4627     210967.6096   -1071805.3734     -94710.5490
2008.4627     210967.6096   -1071805.3734     -94710.5490
2008.4654     210967.6057   -1071805.3691     -94710.5588
2008.4654     210967.6057   -1071805.3691     -94710.5588
2008.4682     210967.6068   -1071805.3672     -94710.5579
2008.4682     210967.6068   -1071805.3672     -94710.5579
2008.4709     210967.6070   -1071805.3646     -94710.5772
2008.4709     210967.6070   -1071805.3646     -94710.5772
2008.4736     210967.5928   -1071805.3641     -94710.5867
2008.4736     210967.5928   -1071805.3641     -94710.5867
2010.3203     210967.5006   -1071805.3248     -94710.5898
2010.3203     210967.5006   -1071805.3248     -94710.5898
2010.3258     210967.4981   -1071805.3212     -94710.5993
2010.3258     210967.4981   -1071805.3212     -94710.5993
2010.3313     210967.4997   -1071805.3257     -94710.5961
2010.3313     210967.4997   -1071805.3257     -94710.5961
2010.3340     210967.4894   -1071805.3319     -94710.5749
2010.3340     210967.4894   -1071805.3319     -94710.5749
2011.3532     210967.4505   -1071805.2943     -94710.6728
2011.3532     210967.4505   -1071805.2943     -94710.6728
2011.3559     210967.4519   -1071805.2911     -94710.6869
2011.3559     210967.4519   -1071805.2911     -94710.6869
2011.3587     210967.4446   -1071805.2979     -94710.6899
2011.3587     210967.4446   -1071805.2979     -94710.6899
2011.3614     210967.4488   -1071805.2873     -94710.6844
2011.3614     210967.4488   -1071805.2873     -94710.6844
2011.3641     210967.4506   -1071805.2878     -94710.6897
2011.3641     210967.4506   -1071805.2878     -94710.6897
2011.3669     210967.4544   -1071805.2910     -94710.6823
2011.3669     210967.4544   -1071805.2910     -94710.6823
2011.3696     210967.4565   -1071805.2900     -94710.6860
2011.3696     210967.4565   -1071805.2900     -94710.6860
2011.3723     210967.4505   -1071805.2930     -94710.6687
2011.3723     210967.4505   -1071805.2930     -94710.6687
2016.4244     210967.2102   -1071805.0598     -94710.5520
